#  Epoch   U       B       V       g       r       i
  -20.000    6.47187e-29    6.41030e-29    6.37024e-29    7.24544e-29    5.78734e-29    4.70645e-29
  -19.000    6.07594e-29    6.41030e-29    6.39763e-29    7.18632e-29    5.75654e-29    4.89248e-29
  -18.000    5.94205e-29    6.41030e-29    6.46432e-29    7.15461e-29    5.96457e-29    4.42157e-29
  -17.000    2.24474e-04    1.80252e-04    1.75900e-04    2.01593e-04    1.83421e-04    1.53524e-04
  -16.000    1.11590e-02    9.06651e-03    8.91450e-03    9.97600e-03    9.22462e-03    7.67324e-03
  -15.000    3.99272e-02    3.13329e-02    3.09146e-02    3.41998e-02    3.18796e-02    2.64463e-02
  -14.000    9.01778e-02    6.69761e-02    6.61580e-02    7.26377e-02    6.84636e-02    5.59167e-02
  -13.000    1.64396e-01    1.15995e-01    1.14602e-01    1.25341e-01    1.17637e-01    9.74830e-02
  -12.000    2.65420e-01    1.78402e-01    1.76469e-01    1.91999e-01    1.80311e-01    1.50243e-01
  -11.000    3.95711e-01    2.54191e-01    2.51650e-01    2.72432e-01    2.56288e-01    2.15246e-01
  -10.000    5.61196e-01    3.43337e-01    3.39603e-01    3.67187e-01    3.42326e-01    2.87327e-01
   -9.000    7.53591e-01    4.43119e-01    4.32592e-01    4.71809e-01    4.30857e-01    3.56378e-01
   -8.000    9.53842e-01    5.47066e-01    5.22907e-01    5.78498e-01    5.16799e-01    4.19416e-01
   -7.000    1.14272e+00    6.49471e-01    6.09168e-01    6.81750e-01    5.98776e-01    4.73615e-01
   -6.000    1.30121e+00    7.44869e-01    6.88710e-01    7.77882e-01    6.74365e-01    5.16409e-01
   -5.000    1.41928e+00    8.27637e-01    7.59873e-01    8.62304e-01    7.42310e-01    5.45722e-01
   -4.000    1.49386e+00    8.93223e-01    8.22236e-01    9.30666e-01    8.02510e-01    5.63820e-01
   -3.000    1.52854e+00    9.41976e-01    8.74645e-01    9.83025e-01    8.53205e-01    5.73614e-01
   -2.000    1.53379e+00    9.75079e-01    9.16228e-01    1.02162e+00    8.91514e-01    5.76028e-01
   -1.000    1.51471e+00    9.94031e-01    9.47465e-01    1.04773e+00    9.18240e-01    5.70353e-01
    0.000    1.47484e+00    1.00000e+00    9.69423e-01    1.06125e+00    9.35446e-01    5.59783e-01
    1.000    1.41835e+00    9.94489e-01    9.82643e-01    1.06355e+00    9.43477e-01    5.45950e-01
    2.000    1.34812e+00    9.78678e-01    9.87169e-01    1.05464e+00    9.43861e-01    5.30284e-01
    3.000    1.26864e+00    9.54026e-01    9.83566e-01    1.03527e+00    9.37376e-01    5.14729e-01
    4.000    1.18426e+00    9.21807e-01    9.71722e-01    1.00935e+00    9.20867e-01    4.93715e-01
    5.000    1.09770e+00    8.83405e-01    9.52634e-01    9.77553e-01    8.95582e-01    4.69309e-01
    6.000    1.00978e+00    8.40001e-01    9.27522e-01    9.38774e-01    8.64673e-01    4.46358e-01
    7.000    9.22002e-01    7.92647e-01    8.97043e-01    8.94540e-01    8.28808e-01    4.24132e-01
    8.000    8.36283e-01    7.42540e-01    8.61948e-01    8.46507e-01    7.89346e-01    4.01943e-01
    9.000    7.53714e-01    6.90749e-01    8.23136e-01    7.95381e-01    7.48252e-01    3.80152e-01
   10.000    6.74045e-01    6.38499e-01    7.82292e-01    7.42973e-01    7.05467e-01    3.56537e-01
   11.000    5.98075e-01    5.86786e-01    7.41012e-01    6.90462e-01    6.62323e-01    3.32754e-01
   12.000    5.26792e-01    5.36834e-01    7.00356e-01    6.39717e-01    6.18895e-01    3.15150e-01
   13.000    4.62149e-01    4.89553e-01    6.60839e-01    5.91424e-01    5.77073e-01    3.03614e-01
   14.000    4.05814e-01    4.45082e-01    6.22898e-01    5.45345e-01    5.39571e-01    2.96399e-01
   15.000    3.56865e-01    4.03497e-01    5.87778e-01    4.99423e-01    5.11580e-01    2.87862e-01
   16.000    3.14729e-01    3.64788e-01    5.55774e-01    4.55385e-01    4.92061e-01    2.82616e-01
   17.000    2.78445e-01    3.28973e-01    5.27344e-01    4.15514e-01    4.78588e-01    2.83458e-01
   18.000    2.47015e-01    2.96074e-01    5.02590e-01    3.80785e-01    4.69283e-01    2.89991e-01
   19.000    2.19863e-01    2.66048e-01    4.79878e-01    3.48684e-01    4.63903e-01    2.98426e-01
   20.000    1.96245e-01    2.38957e-01    4.59058e-01    3.18688e-01    4.61605e-01    3.08798e-01
   21.000    1.75480e-01    2.14783e-01    4.39788e-01    2.90677e-01    4.61075e-01    3.20157e-01
   22.000    1.57011e-01    1.93517e-01    4.21356e-01    2.65506e-01    4.59924e-01    3.29419e-01
   23.000    1.40353e-01    1.74952e-01    4.03304e-01    2.43140e-01    4.56614e-01    3.35584e-01
   24.000    1.25835e-01    1.58855e-01    3.85018e-01    2.24391e-01    4.49866e-01    3.37679e-01
   25.000    1.13258e-01    1.44997e-01    3.66437e-01    2.07420e-01    4.39979e-01    3.37762e-01
   26.000    1.02549e-01    1.33144e-01    3.47785e-01    1.91995e-01    4.27465e-01    3.35861e-01
   27.000    9.34318e-02    1.23061e-01    3.29209e-01    1.78239e-01    4.11991e-01    3.32407e-01
   28.000    8.59168e-02    1.14520e-01    3.10845e-01    1.66427e-01    3.93080e-01    3.27735e-01
   29.000    8.04462e-02    1.07270e-01    2.93057e-01    1.55806e-01    3.73050e-01    3.20848e-01
   30.000    7.71766e-02    1.01102e-01    2.76074e-01    1.46196e-01    3.52524e-01    3.11721e-01
   31.000    7.50901e-02    9.57635e-02    2.60032e-01    1.37537e-01    3.31908e-01    3.00333e-01
   32.000    7.30505e-02    9.10333e-02    2.44915e-01    1.30300e-01    3.10862e-01    2.86827e-01
   33.000    7.10611e-02    8.67122e-02    2.31052e-01    1.23544e-01    2.91157e-01    2.72039e-01
   34.000    6.91161e-02    8.27409e-02    2.18359e-01    1.17263e-01    2.72853e-01    2.56495e-01
   35.000    6.72258e-02    7.91116e-02    2.06826e-01    1.11511e-01    2.56002e-01    2.40807e-01
   36.000    6.54106e-02    7.58158e-02    1.96440e-01    1.05759e-01    2.41304e-01    2.24163e-01
   37.000    6.36538e-02    7.28249e-02    1.87103e-01    1.00435e-01    2.28268e-01    2.07968e-01
   38.000    6.19452e-02    7.01391e-02    1.78741e-01    9.57722e-02    2.16689e-01    1.93210e-01
   39.000    6.02848e-02    6.77330e-02    1.71308e-01    9.17788e-02    2.06563e-01    1.80274e-01
   40.000    5.87369e-02    6.55964e-02    1.64683e-01    8.87540e-02    1.97470e-01    1.69102e-01
   41.000    5.72619e-02    6.37148e-02    1.58827e-01    8.65261e-02    1.89410e-01    1.59537e-01
   42.000    5.58225e-02    6.20755e-02    1.53632e-01    8.47434e-02    1.82287e-01    1.51433e-01
   43.000    5.44237e-02    6.06569e-02    1.48941e-01    8.31399e-02    1.75916e-01    1.44698e-01
   44.000    5.30608e-02    5.94511e-02    1.44657e-01    8.17096e-02    1.70107e-01    1.39150e-01
   45.000    5.17109e-02    5.84144e-02    1.40706e-01    8.04050e-02    1.64659e-01    1.34611e-01
   46.000    5.03055e-02    5.75122e-02    1.37050e-01    7.91282e-02    1.59420e-01    1.30716e-01
   47.000    4.89371e-02    5.67074e-02    1.33607e-01    7.79257e-02    1.54357e-01    1.27437e-01
   48.000    4.76058e-02    5.59603e-02    1.30300e-01    7.67602e-02    1.49491e-01    1.24499e-01
   49.000    4.63117e-02    5.52281e-02    1.27099e-01    7.56146e-02    1.44905e-01    1.21708e-01
   50.000    4.50504e-02    5.44804e-02    1.24029e-01    7.44774e-02    1.40606e-01    1.19065e-01
   51.000    4.38292e-02    5.37081e-02    1.21059e-01    7.33424e-02    1.36497e-01    1.16559e-01
   52.000    4.26414e-02    5.29517e-02    1.18149e-01    7.22368e-02    1.32484e-01    1.14220e-01
   53.000    4.14870e-02    5.22060e-02    1.15320e-01    7.11501e-02    1.28581e-01    1.11849e-01
   54.000    4.03677e-02    5.14660e-02    1.12604e-01    7.00163e-02    1.24901e-01    1.08147e-01
   55.000    3.92784e-02    5.07411e-02    1.09947e-01    6.89063e-02    1.21332e-01    1.04567e-01
   56.000    3.82181e-02    5.00265e-02    1.07358e-01    6.78174e-02    1.17852e-01    1.01104e-01
   57.000    3.71832e-02    4.93219e-02    1.04829e-01    6.67443e-02    1.14467e-01    9.77564e-02
   58.000    3.61792e-02    4.86228e-02    1.02353e-01    6.56895e-02    1.11175e-01    9.45157e-02
   59.000    3.52021e-02    4.79380e-02    9.99420e-02    6.46533e-02    1.07973e-01    9.13883e-02
   60.000    3.42511e-02    4.72629e-02    9.75835e-02    6.36362e-02    1.04864e-01    8.83593e-02
   61.000    3.33255e-02    4.65972e-02    9.52851e-02    6.26390e-02    1.01837e-01    8.54420e-02
   62.000    3.24366e-02    4.59367e-02    9.30364e-02    6.16372e-02    9.89356e-02    8.27607e-02
   63.000    3.15724e-02    4.52898e-02    9.08345e-02    6.06595e-02    9.61059e-02    8.01964e-02
   64.000    3.07313e-02    4.46519e-02    8.86910e-02    5.97032e-02    9.33407e-02    7.77398e-02
   65.000    2.99103e-02    4.40190e-02    8.65997e-02    5.87634e-02    9.06442e-02    7.53808e-02
   66.000    2.91140e-02    4.33990e-02    8.45506e-02    5.78472e-02    8.80001e-02    7.31189e-02
   67.000    2.83392e-02    4.27878e-02    8.25552e-02    5.69513e-02    8.54132e-02    7.09540e-02
   68.000    2.75852e-02    4.21852e-02    8.06077e-02    5.60785e-02    8.28785e-02    6.88751e-02
   69.000    2.68518e-02    4.15872e-02    7.87029e-02    5.52242e-02    8.03989e-02    6.68896e-02
   70.000    2.61381e-02    4.10015e-02    7.68461e-02    5.43927e-02    7.79587e-02    6.49976e-02
   71.000    2.54438e-02    4.04241e-02    7.50343e-02    5.35857e-02    7.55582e-02    6.31987e-02
   72.000    2.47684e-02    3.98547e-02    7.32605e-02    5.28006e-02    7.31928e-02    6.14944e-02
   73.000    2.41091e-02    3.92898e-02    7.15340e-02    5.20371e-02    7.08576e-02    5.98916e-02
   74.000    2.34693e-02    3.87365e-02    6.98492e-02    5.12949e-02    6.85732e-02    5.83672e-02
   75.000    2.28392e-02    3.81909e-02    6.81758e-02    5.04518e-02    6.66789e-02    5.65441e-02
   76.000    2.22259e-02    3.76496e-02    6.65462e-02    4.96214e-02    6.48325e-02    5.47842e-02
   77.000    2.16291e-02    3.71193e-02    6.49548e-02    4.88099e-02    6.30323e-02    5.30868e-02
   78.000    2.10485e-02    3.65965e-02    6.33957e-02    4.80104e-02    6.12770e-02    5.14477e-02
   79.000    2.04836e-02    3.60811e-02    6.18791e-02    4.72277e-02    5.95684e-02    4.98638e-02
   80.000    1.99339e-02    3.55697e-02    6.03969e-02    4.64589e-02    5.78983e-02    4.83377e-02
   81.000    1.93974e-02    3.50687e-02    5.89444e-02    4.57025e-02    5.62675e-02    4.68672e-02
   82.000    1.88771e-02    3.45748e-02    5.75304e-02    4.49635e-02    5.46759e-02    4.54489e-02
   83.000    1.83708e-02    3.40879e-02    5.61454e-02    4.42367e-02    5.31207e-02    4.40849e-02
   84.000    1.78782e-02    3.36047e-02    5.47974e-02    4.35217e-02    5.16063e-02    4.27733e-02
   85.000    1.73989e-02    3.31314e-02    5.34800e-02    4.28231e-02    5.01204e-02    4.15067e-02
